1740269518728 1062082086.6532922 0
1740269518796 1062070860.3786008 1
1740269518850 1062045619.0946501 2
1740269518900 1062014594.7391975 3
1740269518954 1061990418.962963 4
1740269519004 1061970190.7489712 5
1740269519054 1061953675.0617284 6
1740269519106 1061940544.7901235 7
1740269519157 1061929163.3251029 8
1740269519206 1061918769.394033 9
1740269519254 1061908942.7489712 10
1740269519303 1061899220.8065844 11
1740269519351 1061889423.318287 12
1740269519400 1061880419.292181 13
1740269519450 1061871327.3415638 14
1740269519501 1061862717.5555556 15
1740269519553 1061854478.2222222 16
1740269519602 1061846136.0987654 17
1740269519664 1061837725.4979423 18
1740269519714 1061828787.0946501 19
