1740206114428 0.3168239222164173 0
1740206117884 0.11715053437478039 1
1740206121347 0.07722966553294563 2
1740206124811 0.061408800898542795 3
1740206128314 0.06152930556967172 4
1740206132369 0.04703321058740951 5
1740206136351 0.03743618543155907 6
1740206140323 0.035753761983079564 7
1740206144491 0.026036552749054722 8
1740206148740 0.022969645589026085 9
1740206153127 0.08858635285182807 10
1740206157402 0.019426518891644904 11
1740206161287 0.019395043823471018 12
1740206165253 0.03823029687924986 13
1740206169301 0.021955487201921642 14
1740206173283 0.04441288203294148 15
1740206177371 0.01409733175964232 16
1740206181443 0.011892455173851143 17
1740206185489 0.01867330554975716 18
1740206189359 0.011412942512804992 19
1740206193303 0.013727191412186925 20
1740206197197 0.01893901588421675 21
1740206201234 0.010128790800124816 22
1740206205229 0.027145228015659637 23
1740206209291 0.0096441622043355 24
1740206213432 0.03814825378158927 25
1740206217531 0.07356212942803508 26
1740206221719 0.05142695115010933 27
1740206225911 0.06662491990060386 28
1740206230142 0.04625065065827592 29
1740206234503 0.04528510636757629 30
1740206238707 0.01937811335584008 31
1740206242951 0.014816768921956242 32
1740206247181 0.024519985616837898 33
1740206251422 0.011548880798894304 34
1740206255682 0.010122129831377759 35
1740206259730 0.026805193124958628 36
1740206263832 0.015428689950372118 37
1740206267963 0.007726106218380512 38
1740206272096 0.007015883190632961 39
1740206276395 0.00635183305805178 40
1740206280646 0.04562881320253 41
1740206284848 0.00815166609069106 42
1740206288751 0.005824625754610179 43
1740206292720 0.02095604823754759 44
1740206296727 0.005303766320327824 45
1740206300646 0.011010199864775284 46
1740206304733 0.0807249396782001 47
1740206309002 0.02598974261705604 48
1740206313164 0.016452649509695643 49
1740206317407 0.01220242269926211 50
1740206321695 0.016508204192275635 51
1740206326036 0.014471335191394673 52
1740206330362 0.013517310009180267 53
1740206334679 0.028935726523070977 54
1740206339055 0.009784927965393216 55
1740206343342 0.004636299278678937 56
1740206347618 0.01675167634194546 57
1740206351778 0.004307367611422289 58
1740206355934 0.006275239438365819 59
1740206360178 0.0036855107904977696 60
1740206364330 0.018120989391526423 61
1740206368481 0.008985895440177213 62
1740206372543 0.0035110061506571926 63
1740206376528 0.002928542982504204 64
1740206380578 0.009596924050447885 65
1740206384526 0.03535665088009453 66
1740206388458 0.013534958872631512 67
1740206392392 0.004622709346968547 68
1740206396332 0.0030591872399459517 69
1740206400350 0.0025187329872324877 70
1740206404311 0.06301754578032931 71
1740206408250 0.010409134388293707 72
1740206412176 0.004521608267726647 73
1740206416116 0.003568735379847212 74
1740206420110 0.002901607435536376 75
1740206424028 0.0017160926985800677 76
1740206427954 0.006279376193126075 77
1740206431879 0.001796826782938514 78
1740206435864 0.0013125611657164972 79
1740206439984 0.0012403068573923041 80
1740206443897 0.016502077885584495 81
1740206447869 0.010636878580341265 82
1740206451865 0.0028531199947115036 83
1740206456066 0.006224351285557231 84
1740206460221 0.002950614362545089 85
1740206464151 0.00103573735123426 86
1740206468049 0.0008714350732085418 87
1740206471938 0.007553441008369474 88
1740206476037 0.0009650961364316453 89
1740206480279 0.0007328021411701204 90
1740206484429 0.0006568698932911155 91
1740206488612 0.0704559154227068 92
1740206492781 0.004007780362422433 93
1740206496928 0.028225858760998812 94
1740206500906 0.004494586881271942 95
1740206504825 0.0017858664334734968 96
1740206508653 0.0013453500430341773 97
1740206512402 0.0010676997246836875 98
1740206516196 0.0009364038156940318 99
