1740219360793 0.4156348504037021 0
1740219365250 0.38415311039443983 1
1740219369705 0.38415887025722945 2
1740219374233 0.3819957399273299 3
1740219378422 0.3862892575710418 4
1740219383026 0.3848826232184452 5
1740219387576 0.38269482066194377 6
1740219392016 0.38249719208217714 7
1740219396493 0.3804837439758369 8
1740219400943 0.38113232894960153 9
1740219405450 0.3794772791791247 10
1740219409915 0.37904602390124026 11
1740219414356 0.37895048287997685 12
1740219418777 0.3861540924030471 13
1740219423248 0.384239557314204 14
1740219427752 0.3844856193578576 15
1740219432226 0.37680891185880183 16
1740219436686 0.36017039720993116 17
1740219441129 0.3688751836696944 18
1740219445601 0.3810099195317918 19
1740219450138 0.3793918796150808 20
1740219454623 0.38034575732343223 21
1740219459198 0.3746674351720696 22
1740219463699 0.3471585090060633 23
1740219468352 0.35737624437922977 24
1740219473044 0.3266471366127174 25
1740219477680 0.320697654231611 26
1740219482300 0.2892131644534875 27
1740219486864 0.29801676259097826 28
1740219491590 0.28096730223452426 29
1740219496463 0.27441117755207883 30
1740219501300 0.2673994528344903 31
1740219506215 0.2812595225247254 32
1740219511149 0.2617151771349261 33
1740219515892 0.32111485949550495 34
1740219520701 0.31444660672153607 35
1740219525400 0.27740325253323256 36
1740219530088 0.2655667323337133 37
1740219534741 0.27417561753218866 38
1740219539493 0.25709056572253963 39
1740219544265 0.25407945427049206 40
1740219549054 0.27226013336998534 41
1740219553970 0.24849480141206567 42
1740219558653 0.25659834727110614 43
1740219563168 0.29368170698088003 44
1740219567824 0.269321842675665 45
1740219572426 0.25780985590471217 46
1740219577062 0.29477058440090653 47
1740219581585 0.30111655919437863 48
1740219586022 0.33069560109856594 49
