1740240899675 0.5171455499958976 0
1740240908738 0.4715627741214449 1
1740240917763 0.45268266533848145 2
1740240926990 0.4260844002467319 3
1740240936545 0.4014683296952172 4
1740240946462 0.41635348492097446 5
1740240955671 0.3846719080672489 6
1740240964968 0.37098682239681346 7
1740240974234 0.3500453449968637 8
1740240983956 0.33452279946328634 9
1740240996112 0.3087798877759492 10
1740241006153 0.28600105177796514 11
1740241015298 0.2607394726532892 12
1740241024390 0.24818108707552686 13
1740241033405 0.24031718179593436 14
1740241043201 0.2154201535939399 15
1740241052166 0.1991707715239838 16
1740241061097 0.18273366612951408 17
1740241070161 0.17133077850049905 18
1740241079177 0.1577100326253352 19
1740241089003 0.14772859882432338 20
1740241098139 0.1463073570844881 21
1740241107273 0.14352582954302895 22
1740241116310 0.1260074774438655 23
1740241125434 0.12715822036669164 24
1740241135206 0.11964153132989122 25
1740241144369 0.1131236017734188 26
1740241153455 0.10771707670735943 27
1740241162535 0.100292603005102 28
1740241171582 0.09944302812091976 29
1740241181441 0.09414606603967457 30
1740241190661 0.09171829152312785 31
1740241199828 0.08780595073065466 32
1740241208977 0.09286343649724361 33
1740241218368 0.08443138400876342 34
1740241228344 0.08739108611877783 35
1740241237562 0.07935506893169227 36
1740241246583 0.08654741133954413 37
1740241255706 0.0811765869866498 38
1740241264826 0.08223476525264475 39
1740241274615 0.07205341857077471 40
1740241283635 0.07076445635974866 41
1740241292646 0.07068208841388822 42
1740241301607 0.06757833907331569 43
1740241310852 0.06757117964326717 44
1740241320711 0.06685568475443808 45
1740241329952 0.058845823579242264 46
1740241339400 0.0621931639727231 47
1740241348552 0.06175497059894796 48
1740241357601 0.06286882783991408 49
1740241367340 0.059956827755679405 50
1740241376253 0.06160720108982606 51
1740241385260 0.05698866250360225 52
1740241394183 0.057129516861263684 53
1740241403164 0.056675920386532325 54
1740241412759 0.05521327869294708 55
1740241421622 0.057428751974666334 56
1740241430507 0.054623461388624395 57
1740241439444 0.05297145757272774 58
1740241448369 0.053139257360022334 59
1740241457961 0.05276533838480621 60
1740241466906 0.04881882208689779 61
1740241475920 0.05231215340625612 62
1740241485248 0.049250306960023964 63
1740241494214 0.049250499824580796 64
1740241504155 0.04752085503137762 65
1740241513479 0.051411729556406854 66
1740241524061 0.046392507785828485 67
1740241533752 0.04506520435883643 68
1740241543455 0.04823330174657246 69
1740241553748 0.047039893742515715 70
1740241563126 0.04705017517844488 71
1740241572411 0.04394225425143849 72
1740241581958 0.04544438103140674 73
1740241591158 0.04358135187244766 74
1740241601361 0.04320790182641357 75
1740241610913 0.04247607635368317 76
1740241620666 0.04471539849452675 77
1740241629934 0.04230970997632081 78
1740241639268 0.04528172239864384 79
