1740230023267 0.5068542611919339 0
1740230032501 0.4650132054760904 1
1740230041825 0.43826711434418586 2
1740230051533 0.42323804253683867 3
1740230061185 0.39478297996339057 4
1740230071780 0.36941583313705434 5
1740230081818 0.3528599260497267 6
1740230091336 0.3192187258979898 7
1740230101081 0.29182541730560924 8
1740230110573 0.26452636130663365 9
1740230120377 0.24375647588743624 10
1740230129365 0.22346056547626486 11
1740230138369 0.21812206309711452 12
1740230147405 0.19740954039997824 13
1740230156441 0.18584118091934512 14
1740230166289 0.1715595887636478 15
1740230175282 0.16350597589367577 16
1740230184068 0.15251470308543222 17
1740230192930 0.14692672992566405 18
1740230201755 0.13640434388812897 19
1740230211214 0.1411246594292493 20
1740230219978 0.12584356250588713 21
1740230228870 0.11937321011933691 22
1740230237717 0.11447483944374753 23
1740230246494 0.10926311926615895 24
1740230255953 0.10460213392783839 25
1740230264718 0.09867265755180875 26
1740230273494 0.09825682706850337 27
1740230282318 0.09124577093520897 28
1740230291108 0.08964905496402419 29
1740230300583 0.0844671900970299 30
1740230309574 0.09456682879018567 31
1740230318454 0.08197042795408618 32
1740230327622 0.08037818125578901 33
1740230336422 0.08073580600293483 34
1740230345953 0.07373040574760373 35
1740230354807 0.07666664804327632 36
1740230363732 0.0844163552489995 37
1740230372690 0.071446258083725 38
1740230381545 0.07302761031052081 39
1740230391122 0.06725476821498265 40
1740230400087 0.07333226140042212 41
1740230409053 0.06450370413999926 42
1740230417925 0.06577113513254165 43
1740230426813 0.062459921802059754 44
1740230436419 0.06340013359526238 45
1740230445345 0.06217202388700938 46
1740230454244 0.05599031606533823 47
1740230463168 0.06211708054532357 48
1740230472084 0.055295169164146056 49
1740230481694 0.058596769308003296 50
1740230490603 0.05296310774835047 51
1740230499498 0.054931908254014165 52
1740230508278 0.053569539700398086 53
1740230517090 0.05395962815447022 54
1740230526630 0.05445366261823427 55
1740230535515 0.05411886783284595 56
1740230544345 0.048741483455863745 57
1740230553145 0.05141457249680052 58
1740230561919 0.049487828461176143 59
1740230571372 0.046213222472432446 60
1740230580127 0.04814174199950688 61
1740230588827 0.0474899501414854 62
1740230597536 0.04759148556954464 63
1740230606284 0.045586820963356714 64
1740230615748 0.0454054110082189 65
1740230624455 0.04309268419963154 66
1740230633162 0.04953079761368471 67
1740230641879 0.04535503420774382 68
1740230650640 0.04582198142209545 69
1740230660085 0.04357727808005985 70
1740230668779 0.043836818755077174 71
1740230677505 0.04297332973606089 72
1740230686257 0.04249343202277423 73
1740230695065 0.04154901921786156 74
1740230704501 0.040245213272394866 75
1740230713204 0.04325088507716909 76
1740230721935 0.03910438171293177 77
1740230730689 0.042157175282090405 78
1740230739511 0.04028322934723259 79
