1740139613352 0.2657944666911881 0
1740139617207 0.10517456425554249 1
1740139621084 0.062047690121583135 2
1740139624961 0.05461316955724798 3
1740139628818 0.05943495892563397 4
1740139632844 0.054353369579861956 5
1740139636799 0.031224823934842362 6
1740139640792 0.04259924348480851 7
1740139644765 0.025872232213401167 8
1740139648711 0.04442307976050399 9
1740139652924 0.03140871222798835 10
1740139656879 0.019503115351679198 11
1740139660877 0.01717266241697023 12
1740139664866 0.015742278409949264 13
1740139668821 0.014208782142384416 14
1740139672872 0.01428233723149661 15
1740139676833 0.014056470449661383 16
1740139680843 0.016328231954485163 17
1740139684835 0.018302883407652036 18
1740139688919 0.06130663955591589 19
1740139692997 0.04412081425747949 20
1740139696914 0.0239195734428509 21
1740139701072 0.012668222696121514 22
1740139705378 0.010765327741781554 23
1740139709663 0.01367011201680189 24
1740139714044 0.009192259470650192 25
1740139718324 0.007911402836838085 26
1740139722613 0.017626242898822024 27
1740139726810 0.007890513597545121 28
1740139730987 0.006766775120082181 29
1740139735133 0.0060167013228879275 30
1740139738992 0.00618885350950476 31
1740139742737 0.026985124854855165 32
1740139746575 0.00858959020266172 33
1740139750357 0.005970802771616764 34
1740139754146 0.004499334678417016 35
1740139757843 0.005137461317210102 36
1740139761426 0.004186695811749887 37
1740139765007 0.005134853160978606 38
1740139768720 0.012983955343187123 39
1740139772313 0.004022424457424536 40
1740139775942 0.0030659022281271965 41
1740139779608 0.0030437276336996153 42
1740139783168 0.0025791238798143945 43
1740139786743 0.0076271878496049885 44
1740139790433 0.002864865187375363 45
1740139793974 0.0039734138820303674 46
1740139797590 0.004073810014189977 47
1740139801248 0.0020818714283704033 48
1740139804869 0.007235509187389055 49
1740139808637 0.0023676280341105556 50
1740139812186 0.006797544544928409 51
1740139815826 0.002334255687084255 52
1740139819438 0.0016004259243302104 53
1740139823030 0.0016089317687726589 54
1740139826676 0.0014141305583032669 55
1740139830322 0.006492950270784427 56
1740139833908 0.0033044377533766253 57
1740139837478 0.0016174490274098493 58
1740139841140 0.0014096177967793523 59
1740139844831 0.0012182393408994064 60
1740139848364 0.004600699515180733 61
1740139852059 0.0009504903185395135 62
1740139855594 0.0008207033778421012 63
1740139859288 0.007358350376405333 64
1740139863135 0.003991445898844473 65
1740139866826 0.0010938927313956478 66
1740139871101 0.0009014077544619853 67
1740139875484 0.0007523826265444865 68
1740139879851 0.003293036103490616 69
1740139884275 0.0009781577760040237 70
1740139888559 0.0005314960658270356 71
1740139892812 0.00041065378659603963 72
1740139897125 0.0004104165401545052 73
1740139901321 0.005388927002957687 74
1740139905205 0.010603750221886017 75
1740139909218 0.003272453525559434 76
1740139913478 0.0006963868085370765 77
1740139917559 0.0009575078469881184 78
1740139921896 0.001073038709168814 79
1740139926319 0.0004637014804264406 80
1740139930475 0.0003617283747403289 81
1740139934637 0.0006312029385393167 82
1740139938811 0.00034853507739976034 83
1740139942959 0.006012826058119764 84
1740139947194 0.0005583639905846966 85
1740139951313 0.00033962679899161006 86
1740139955407 0.0003662100844333751 87
1740139959537 0.0002788550551251348 88
1740139963681 0.0003202816619632648 89
1740139967884 0.019453692244679764 90
1740139971941 0.0008663355063444001 91
1740139975974 0.0004918872268926028 92
1740139980109 0.0004042423352582563 93
1740139984748 0.0005725321791043782 94
1740139989399 0.00038293416757217226 95
1740139993887 0.00020616707865793067 96
1740139998405 0.0002480499948411394 97
1740140002939 0.006103512397322879 98
1740140007363 0.0005665545972643953 99
