1740227059176 0.5272761753598981 0
1740227068781 0.4639216606673929 1
1740227078748 0.4582480491295348 2
1740227088116 0.43136006653526404 3
1740227097459 0.40908995895153966 4
1740227107455 0.38132049134415197 5
1740227116543 0.3595001317990799 6
1740227125793 0.3305737812914988 7
1740227135233 0.30680768770013095 8
1740227144595 0.2814989819104259 9
1740227154499 0.2773312771743548 10
1740227163729 0.25144119762309397 11
1740227173034 0.2354033352818288 12
1740227182275 0.22674280043392286 13
1740227191486 0.20615182610694627 14
1740227201337 0.1892601207242296 15
1740227210644 0.18573463243922414 16
1740227219852 0.17158977019921312 17
1740227229070 0.15874162591454916 18
1740227238235 0.15625515679304142 19
1740227248370 0.14171526371176937 20
1740227258112 0.13870579720114487 21
1740227267658 0.1349147420472947 22
1740227277309 0.12286562457502719 23
1740227286487 0.12309298332590256 24
1740227296765 0.1182841854089625 25
1740227306427 0.11425066101207201 26
1740227316005 0.10538380906695294 27
1740227325217 0.11688945654658545 28
1740227334441 0.1021986340411136 29
1740227344415 0.10610348136271161 30
1740227353672 0.09346338745432782 31
1740227363002 0.0893430183805382 32
1740227372293 0.08690622747491356 33
1740227381512 0.08584490970460612 34
1740227391447 0.0833085484483836 35
1740227400725 0.08106629752248709 36
1740227410187 0.08284564544854645 37
1740227419456 0.07578104025546484 38
1740227428655 0.08354460422518802 39
1740227438554 0.08046208894020533 40
1740227447774 0.07329607930248536 41
1740227456971 0.07188434862839485 42
1740227466315 0.06673438806779246 43
1740227475654 0.0679940635131551 44
1740227485702 0.06341711282557064 45
1740227495093 0.06595747749849241 46
1740227504264 0.06350871821760071 47
1740227513389 0.06162452578194521 48
1740227522677 0.05793644612307111 49
1740227532532 0.060175925352568625 50
1740227541744 0.0599287202110231 51
1740227550884 0.053903714517303254 52
1740227560309 0.054610187721547784 53
1740227569537 0.053648640266397145 54
1740227579639 0.05502046708882166 55
1740227589152 0.05555746755359556 56
1740227598681 0.051181187277745364 57
1740227608264 0.05258045308482333 58
1740227617441 0.050088329812868385 59
1740227627298 0.05051659769339978 60
1740227636567 0.05202146794660265 61
1740227645720 0.04542620821531359 62
1740227654773 0.04555726251152407 63
1740227664249 0.04947524411073412 64
1740227674653 0.046881106170342385 65
1740227683939 0.05117964426637009 66
1740227693139 0.04679536497626035 67
1740227702328 0.04874159826358036 68
1740227711446 0.04593540860718368 69
1740227721246 0.04672474003850462 70
1740227730442 0.04436788753637742 71
1740227739590 0.04327027281211623 72
1740227748768 0.043432852185859516 73
1740227757849 0.04237128812308326 74
1740227767699 0.04363329473061131 75
1740227776794 0.041815490256150625 76
1740227786029 0.04152821380222172 77
1740227795163 0.04300604115692805 78
1740227804313 0.039955448422296445 79
