1740138473773 0.26626497144955563 0
1740138477871 0.09370167535614682 1
1740138481855 0.06585540635459333 2
1740138485227 0.05057959199003668 3
1740138489164 0.05922066598789269 4
1740138493172 0.07463273183216315 5
1740138497083 0.06324618670391846 6
1740138500980 0.041360129969587836 7
1740138504871 0.07390298335664568 8
1740138508801 0.04525347317260991 9
1740138512782 0.03638685583248289 10
1740138516647 0.1215271316343488 11
1740138520496 0.053591223804658625 12
1740138524418 0.0397446254171817 13
1740138528299 0.03320517536044952 14
1740138532254 0.029105033039994746 15
1740138536146 0.02373014986413008 16
1740138540040 0.02665025990482316 17
1740138543928 0.020125606862097176 18
1740138547789 0.023841862613381632 19
1740138551756 0.01576712128123736 20
1740138555636 0.04305222621781239 21
1740138559483 0.02245720146122793 22
1740138563347 0.03218276600355275 23
1740138567242 0.015237160202345822 24
1740138571199 0.023353947881252998 25
1740138575069 0.024520370203897773 26
1740138578951 0.027284775636589296 27
1740138582814 0.02336228828653656 28
1740138586687 0.016466086080336787 29
1740138590699 0.0406647743555194 30
1740138594652 0.018395861175488235 31
1740138598632 0.01831641748934368 32
1740138602633 0.009595780783895017 33
1740138606748 0.00920000038943643 34
1740138610954 0.007418216067687256 35
1740138615059 0.02236082052382496 36
1740138619214 0.007722588609421693 37
1740138623336 0.006200838245709326 38
1740138627454 0.01794442987938892 39
1740138631659 0.026315386891522744 40
1740138635760 0.006106667288540087 41
1740138639884 0.005495302029943327 42
1740138643973 0.00802540744189173 43
1740138648102 0.008410830077317737 44
1740138652281 0.005130625487083988 45
1740138656423 0.004105177376522735 46
1740138660610 0.0042762258604323805 47
1740138664795 0.004308388902749162 48
1740138669186 0.00351630788045658 49
1740138673441 0.019639542985225626 50
1740138677585 0.005575402371059645 51
1740138681734 0.011928158762249761 52
1740138685868 0.01739590871153609 53
1740138690035 0.007872663511717469 54
1740138694244 0.0028546222125456493 55
1740138698388 0.0025598867083839382 56
1740138702603 0.002372954557822559 57
1740138706987 0.00212643819050497 58
1740138711324 0.005337361422042962 59
1740138715791 0.002491582709072859 60
1740138720251 0.018483924497965033 61
1740138724505 0.00712608322000272 62
1740138728988 0.00469726986197912 63
1740138733493 0.0033955234608018586 64
1740138738054 0.004461328241809696 65
1740138742563 0.002577615702159302 66
1740138747051 0.002752593173178152 67
1740138751541 0.003936511482534405 68
1740138756037 0.0031008777270863245 69
1740138760616 0.004178078453691001 70
1740138765130 0.0015209471650986998 71
1740138769650 0.0014916239284444833 72
1740138774191 0.004017241119293456 73
1740138778714 0.0015187799285142892 74
1740138783299 0.0012060316575409806 75
1740138787805 0.0009395641597196904 76
1740138792299 0.0027099904862161314 77
1740138796795 0.005535332790406169 78
1740138801280 0.004506055259689928 79
1740138805850 0.002605730856479372 80
1740138810328 0.0012316364247301561 81
1740138814791 0.0009954124217614322 82
1740138819285 0.0009206309664151771 83
1740138823760 0.017851327930628148 84
1740138828175 0.002692514305139578 85
1740138832055 0.0013325472195340326 86
1740138835932 0.0009154057839565444 87
1740138839826 0.0010264188581296109 88
1740138843733 0.0008538948356066707 89
1740138847691 0.0005584719720679433 90
1740138851626 0.011502640307519895 91
1740138855496 0.002591793160033387 92
1740138859410 0.0010290407302369182 93
1740138863360 0.004766038020961896 94
1740138867822 0.0006061710512466855 95
1740138872202 0.0004348741298005383 96
1740138876564 0.0005087976062848799 97
1740138880954 0.0003775175176403185 98
1740138885311 0.0003745901188147878 99
1740138889764 0.0063868295788794 100
1740138894169 0.020575506574713368 101
1740138899617 0.030984373165473558 102
1740138904142 0.0022131627007198344 103
1740138908591 0.0008699679183916897 104
1740138913129 0.0006679233490839365 105
1740138917486 0.004130530539967084 106
1740138921706 0.0007225488571056342 107
1740138926049 0.0006147837028516638 108
1740138930357 0.00048728587969426406 109
1740138934759 0.00041236072879782517 110
1740138938983 0.027181221883413046 111
1740138942959 0.0013384016361176843 112
1740138947325 0.0007856193929272927 113
1740138951603 0.002753167521937628 114
1740138956120 0.0006899916408793973 115
1740138960610 0.0006459406706481565 116
1740138964927 0.0005507378220311538 117
1740138969268 0.0005049708372163617 118
1740138973654 0.00047944771794286193 119
1740138978229 0.005641374779821287 120
1740138982642 0.0008326263792638434 121
1740138987061 0.00035983722570827776 122
1740138991463 0.0002759470005349138 123
1740138995876 0.0002329143465121308 124
1740139000390 0.0003940257821826767 125
1740139004820 0.00036196544802276847 126
1740139009244 0.0006328932560829191 127
1740139013648 0.0018179805855728468 128
1740139018065 0.006385995233425733 129
1740139022603 0.0007536398951710129 130
1740139027151 0.00034867076994371483 131
1740139031659 0.00018883025146474626 132
1740139035896 0.0001660412529284791 133
1740139040020 0.00022016210044807578 134
1740139044194 0.00030523450292171814 135
1740139047777 0.014084963035813698 136
1740139051278 0.0036730920031464824 137
1740139054728 0.00035338476612583957 138
1740139058361 0.0005195010667646791 139
1740139062011 0.0003115133755631561 140
1740139065532 0.00017359745081657783 141
1740139068941 0.015452094607355657 142
1740139072469 0.001037723542629327 143
1740139075939 0.0003231214002344458 144
1740139079444 0.00022528736722649564 145
1740139083055 0.0001877512574023297 146
1740139086482 0.004791299885838666 147
1740139089974 0.0003399121962603707 148
1740139093558 0.00042729847891279636 149
1740139097108 0.00013071691598426073 150
1740139100519 0.00011488136759277744 151
1740139104120 9.942861096573164e-05 152
1740139107564 0.000197034035911466 153
1740139111034 0.0013433193444723156 154
1740139114669 0.005291411156629482 155
1740139118185 0.0003711059748367184 156
1740139121651 0.0001949597341847611 157
1740139125227 0.00016838821823809388 158
1740139128696 0.0002510058083401987 159
1740139132378 0.00034746185406673256 160
1740139136060 0.0002007217406257389 161
1740139140196 0.00012068788532226417 162
1740139144643 7.560823379585001e-05 163
1740139148869 0.0003936565617985332 164
1740139153181 0.012403411599382524 165
1740139157418 0.0006544740955880941 166
1740139161678 0.00022887919069299493 167
1740139165975 0.00017453821048395794 168
1740139170242 0.00013105271499357676 169
1740139174572 0.00025236391299737385 170
1740139178839 9.574683235180227e-05 171
1740139183087 0.0005380420298366512 172
1740139187377 0.0013989821027085652 173
1740139191613 0.0004509970762685036 174
1740139195992 0.0006870622043509166 175
1740139200273 0.000720945991109245 176
1740139204462 0.00011491686512501467 177
1740139208692 0.00014958158621866967 178
1740139212861 6.760171368929526e-05 179
1740139217137 9.133678634066109e-05 180
1740139221383 6.935201098445013e-05 181
1740139225594 0.0010462601437345857 182
1740139229890 0.000124185487569924 183
1740139234095 0.00011514379306720502 184
1740139238399 0.000136056731014242 185
1740139242627 0.015925339010452202 186
1740139246856 0.000659424795161888 187
1740139251079 0.00026295879330114785 188
1740139255265 0.00012131701330408795 189
1740139259525 9.700372791021472e-05 190
1740139263699 8.858855596159118e-05 191
1740139267896 6.957153498165262e-05 192
1740139272073 7.747470272169813e-05 193
1740139276283 0.0022416413258653225 194
1740139280636 0.0037532650982768927 195
1740139284886 0.00016433020390563236 196
1740139289123 9.604911055741316e-05 197
1740139293379 6.855038225058521e-05 198
1740139297857 5.2806189343702706e-05 199
1740139302199 4.6589380773126555e-05 200
1740139306411 0.00046827000019936213 201
1740139310564 7.05156529034138e-05 202
1740139314844 3.6046268844592964e-05 203
1740139319064 3.240257939251205e-05 204
1740139323397 2.941020418402114e-05 205
1740139327761 2.899808371769422e-05 206
1740139331900 2.2487058369636025e-05 207
1740139336080 2.0675744260498176e-05 208
1740139339856 4.135588724863966e-05 209
1740139343927 0.020491929016500706 210
1740139348209 0.0016711130368617612 211
1740139352595 0.0007289832897602689 212
1740139356929 0.0013683373328651025 213
1740139360625 0.00020942198473556823 214
1740139364948 0.00013237897427194163 215
1740139369215 9.74735351164383e-05 216
1740139373478 0.0024704907047573463 217
1740139377779 0.005830757632373069 218
1740139382022 0.0004654355209522075 219
1740139386347 0.0001885517865167889 220
1740139390603 0.00013663122435031097 221
1740139394789 9.301579465712228e-05 222
1740139399061 7.470904923834442e-05 223
1740139403305 5.950418932411322e-05 224
1740139407749 4.934859251884029e-05 225
1740139411939 4.2147339943865126e-05 226
1740139416199 3.910680284225164e-05 227
1740139420500 0.0033549635740743374 228
1740139424780 0.005018360034706253 229
1740139429081 0.0005109982482455266 230
1740139433365 0.0002287682871069936 231
1740139437554 8.325661506441032e-05 232
1740139441576 6.262910373726731e-05 233
1740139445752 5.28269232015383e-05 234
1740139450189 4.758467679198747e-05 235
1740139454489 4.2190426469065406e-05 236
1740139458388 3.383593460363639e-05 237
1740139462562 3.775302683769302e-05 238
1740139466960 2.940438559270012e-05 239
1740139471562 2.6888114777976224e-05 240
1740139475959 2.1984429689116196e-05 241
1740139480209 3.201679463206502e-05 242
1740139484477 0.00714084619725233 243
1740139488602 0.00032765346052119964 244
1740139492743 0.00011452685288644267 245
1740139496846 5.170799310017137e-05 246
1740139500874 3.546954996321244e-05 247
1740139504987 0.007060466769014869 248
1740139509041 0.0004138909179657848 249
1740139513138 0.00013576320124586736 250
1740139517320 7.245141938687178e-05 251
1740139521329 4.6415121546370315e-05 252
1740139525410 3.425721020748082e-05 253
1740139529742 2.9189582728595197e-05 254
1740139534423 0.00011722926464880134 255
1740139539031 0.0022761404355928407 256
1740139543606 5.687849342365665e-05 257
1740139548221 3.7659656528599064e-05 258
1740139552657 2.9242347549491992e-05 259
1740139557243 2.7118066537651606e-05 260
1740139561518 2.078172067174808e-05 261
1740139565767 2.022136339860934e-05 262
1740139569937 2.536275300260051e-05 263
1740139573997 2.7376901233465396e-05 264
