1740269843275 1027365764.7407408 0
1740269843320 1027355548.707819 1
1740269843364 1027335358.6831275 2
1740269843411 1027306850.5020577 3
1740269843456 1027282297.6790123 4
1740269843501 1027256879.9341564 5
1740269843546 1027237439.119856 6
1740269843593 1027222001.7777778 7
1740269843640 1027209088.8713992 8
1740269843689 1027197581.4320987 9
1740269843736 1027188068.8724279 10
1740269843783 1027178109.3662552 11
1740269843827 1027168585.218107 12
1740269843872 1027159681.5802469 13
1740269843920 1027150589.8930041 14
1740269843969 1027141950.1563786 15
1740269844015 1027133442.1069959 16
1740269844060 1027125344.1995884 17
1740269844117 1027117628.0493827 18
1740269844163 1027109686.781893 19
1740269844208 1027101776.855967 20
1740269844254 1027093818.2057613 21
1740269844300 1027086546.6995884 22
1740269844345 1027078811.3909465 23
1740269844395 1027071095.0452675 24
1740269844442 1027063334.4526749 25
1740269844491 1027055843.5555556 26
1740269844539 1027047816.4279835 27
1740269844585 1027040446.6831275 28
1740269844633 1027033101.3140432 29
1740269844680 1027025823.8585391 30
1740269844727 1027018681.4156379 31
1740269844774 1027011384.8888888 32
1740269844821 1027004059.3909465 33
1740269844869 1026996651.7201647 34
1740269844916 1026989126.5843621 35
1740269844964 1026981796.345679 36
1740269845011 1026974246.4526749 37
1740269845058 1026967024.5925926 38
1740269845106 1026959953.6460905 39
1740269845154 1026953017.9423869 40
1740269845201 1026945818.8641975 41
1740269845248 1026938448.3569959 42
1740269845292 1026931465.218107 43
1740269845338 1026924348.5761317 44
1740269845387 1026917412.8724279 45
1740269845438 1026910541.9588478 46
1740269845487 1026903307.0617284 47
1740269845536 1026896454.5843621 48
1740269845588 1026889410.3703704 49
1740269845640 1026882248.9547325 50
1740269845687 1026875317.2016461 51
1740269845733 1026868203.9835391 52
1740269845780 1026861110.781893 53
1740269845826 1026853656.4938271 54
1740269845872 1026846788.4773662 55
1740269845919 1026839861.4650205 56
1740269845965 1026832708.2139918 57
1740269846011 1026825847.0452675 58
1740269846060 1026818901.8600823 59
1740269846108 1026812094.1563786 60
1740269846154 1026804791.8353909 61
1740269846198 1026797896.691358 62
1740269846241 1026790467.8672839 63
1740269846287 1026783719.3287038 64
1740269846330 1026777065.0864197 65
1740269846374 1026770110.4197531 66
1740269846420 1026763338.7983539 67
1740269846465 1026756324.0823045 68
1740269846511 1026748830.0246913 69
1740269846556 1026741727.0781893 70
1740269846602 1026734727.3744856 71
1740269846650 1026727692.1152264 72
1740269846697 1026720651.5884774 73
1740269846745 1026713642.9300412 74
1740269846793 1026706786.5020577 75
1740269846840 1026699980.1152264 76
1740269846887 1026692905.449074 77
1740269846932 1026686255.5066873 78
1740269846978 1026679634.1728395 79
