1740273089933 902245084.18107 0
1740273089983 902237572.2139918 1
1740273090031 902220219.5226338 2
1740273090079 902190916.7523148 3
1740273090134 902164802.8971193 4
1740273090185 902143882.0082304 5
1740273090239 902128862.2880658 6
1740273090291 902115814.600823 7
1740273090344 902105532.0493827 8
1740273090393 902096378.8004116 9
1740273090441 902087253.3333334 10
1740273090487 902078948.6274434 11
1740273090534 902071096.8888888 12
1740273090580 902063403.4567901 13
1740273090628 902055608.3621399 14
1740273090676 902047906.7654321 15
1740273090725 902040702.9465021 16
1740273090777 902033342.4002057 17
1740273090836 902026640.212963 18
1740273090889 902019557.1358025 19
1740273090937 902012568.2304527 20
1740273090991 902005650.436214 21
1740273091043 901998529.6258037 22
1740273091091 901991356.5761317 23
1740273091139 901984375.8353909 24
1740273091189 901977273.9423869 25
1740273091237 901970399.3415638 26
1740273091284 901963430.7160494 27
1740273091333 901956209.2510288 28
1740273091377 901949627.8837448 29
1740273091422 901942997.3333334 30
1740273091469 901936264.9547325 31
1740273091515 901929361.5144033 32
1740273091564 901922635.3251029 33
1740273091614 901916052.5432099 34
1740273091663 901909504.6584362 35
1740273091711 901902983.1111112 36
1740273091760 901896712.7011317 37
1740273091807 901890349.3004116 38
1740273091856 901883722.0082304 39
1740273091903 901877126.6502057 40
1740273091950 901870506.6666666 41
1740273091997 901864443.4927983 42
1740273092044 901858154.9300412 43
1740273092092 901851695.9341564 44
1740273092139 901845509.9434156 45
1740273092187 901839166.2880658 46
1740273092235 901832813.8271605 47
1740273092281 901826712.6255144 48
1740273092331 901820252.9938271 49
1740273092377 901813813.9917696 50
1740273092424 901807666.5679013 51
1740273092470 901801361.9094651 52
1740273092516 901794891.4567901 53
1740273092560 901788366.4855967 54
1740273092606 901782246.7160494 55
1740273092655 901775488.526749 56
1740273092705 901768615.3034979 57
1740273092756 901762377.7554013 58
1740273092803 901755875.5555556 59
1740273092853 901749792.0185186 60
1740273092899 901743322.074074 61
1740273092953 901737045.8858025 62
1740273093002 901730846.0246913 63
1740273093049 901724392.8230453 64
1740273093097 901718005.8436214 65
1740273093144 901711716.0823045 66
1740273093195 901705386.1399177 67
1740273093244 901699148.3786008 68
1740273093293 901692786.8312757 69
1740273093351 901686510.0905349 70
1740273093405 901680155.9176955 71
1740273093458 901674049.5802469 72
1740273093510 901667610.8641975 73
1740273093560 901661256.691358 74
1740273093606 901655155.8847736 75
1740273093655 901648636.9711934 76
1740273093706 901642102.5185186 77
1740273093756 901635792.5925926 78
1740273093806 901629663.3415638 79
