1740219963535 0.3788874918424276 0
1740219973451 0.3490835569531794 1
1740219983364 0.34394280594658566 2
1740219993245 0.33463892830439296 3
1740220003121 0.33359630803662943 4
1740220013585 0.3244453166348051 5
1740220023850 0.3211215906646622 6
1740220034061 0.3175007039569764 7
1740220044210 0.31685996037792874 8
1740220054382 0.31200794733140574 9
1740220064617 0.31508422349078724 10
1740220074710 0.3199146611994481 11
1740220084935 0.31175112089075413 12
1740220095329 0.3137581815935701 13
1740220106082 0.31917434182774973 14
1740220116919 0.3170471575511879 15
1740220127547 0.31311747307084 16
1740220138174 0.31419931387758826 17
1740220148792 0.326235423465649 18
1740220159198 0.34530763684278465 19
1740220169879 0.34066686402279067 20
1740220180344 0.32830240034249675 21
1740220191191 0.31651140933492744 22
1740220202405 0.3106816005540559 23
1740220213250 0.3078375816107746 24
1740220224262 0.3069800272643329 25
1740220234991 0.34360032537543916 26
1740220245742 0.34528396234094383 27
1740220256531 0.33982658047837566 28
1740220267066 0.32741280695594166 29
1740220277679 0.3168338482004713 30
1740220288674 0.3108660329979254 31
1740220299547 0.3133379616347917 32
1740220310382 0.31301031074675906 33
1740220321151 0.3339074404828577 34
1740220332328 0.3437141698907571 35
1740220343330 0.3456664183344024 36
1740220354319 0.337791679983595 37
1740220365295 0.3342077456028813 38
1740220376179 0.3186259801644253 39
1740220387193 0.3264643545763426 40
1740220397487 0.32491836296134735 41
1740220408007 0.31984838837408924 42
1740220418623 0.3176597826984299 43
1740220429240 0.3092141448857775 44
1740220440117 0.3122313868002113 45
1740220451045 0.3116860274537151 46
1740220461792 0.3088380448609234 47
1740220472637 0.30254573033625387 48
1740220483342 0.3259442381531119 49
1740220494288 0.34113020969339575 50
1740220505780 0.32422018906034794 51
1740220517056 0.31737948681016365 52
1740220528154 0.32269668685962477 53
1740220538878 0.3444223453799092 54
1740220549794 0.3401062423252015 55
1740220560441 0.3382865566300206 56
1740220570991 0.3407927370997539 57
1740220581550 0.33823495877691473 58
1740220592155 0.34007820273300565 59
1740220603458 0.3185166561627293 60
1740220614640 0.3021043244586048 61
1740220625770 0.31045500904440404 62
1740220636903 0.29776827569501807 63
1740220648125 0.30485567904682276 64
1740220659328 0.31863284983720436 65
1740220670301 0.31812583616530277 66
1740220681113 0.3086816767653621 67
1740220691773 0.2988922739646349 68
1740220702464 0.2869920041931578 69
1740220713373 0.30533577552235935 70
1740220724100 0.32398059388318384 71
1740220734770 0.3100288730574794 72
1740220745560 0.32438392462245974 73
1740220756484 0.3283451537330787 74
1740220767655 0.3186825888446603 75
1740220778623 0.3152923340578953 76
1740220789578 0.32460840016722203 77
1740220800542 0.31555671449676453 78
1740220811520 0.3123710411359589 79
