1740242104430 0.5285877859406544 0
1740242113683 0.4869514488094124 1
1740242123014 0.4641591665330674 2
1740242132255 0.42354224298418797 3
1740242141330 0.4146781443372893 4
1740242151125 0.3833740143811141 5
1740242160118 0.36150456486886595 6
1740242169121 0.3281956131421104 7
1740242178017 0.2999560436296914 8
1740242186948 0.2801376935922712 9
1740242196772 0.24933786979458075 10
1740242205737 0.2298928933315765 11
1740242214750 0.21162869003814583 12
1740242223854 0.19457877021562248 13
1740242232969 0.1833791187330932 14
1740242242738 0.1753832966783878 15
1740242251847 0.16094077907641083 16
1740242260874 0.15021639031511944 17
1740242269880 0.1456053307621079 18
1740242279428 0.13601817198681096 19
1740242289698 0.1260494504447757 20
1740242299261 0.1234931033963675 21
1740242308891 0.11334211879064389 22
1740242318779 0.11002981328197174 23
1740242328183 0.106499814994166 24
1740242338006 0.11586493236712948 25
1740242347116 0.09981944301556833 26
1740242356608 0.0955866185567257 27
1740242366378 0.09188144336925484 28
1740242376626 0.08761283651942309 29
1740242387487 0.08648130551101696 30
1740242397406 0.08197840232174664 31
1740242407604 0.08592023923325673 32
1740242417655 0.07992296802237205 33
1740242427782 0.07945561737276975 34
1740242438158 0.07474798438115776 35
1740242447412 0.07310305038722283 36
1740242456505 0.07495362347399157 37
1740242465702 0.07007888442430059 38
1740242475189 0.0676557993516017 39
1740242485321 0.06706129911222186 40
1740242494662 0.06668960493558235 41
1740242503986 0.06273243649575029 42
1740242513225 0.06565697692771422 43
1740242522666 0.06207212573311316 44
1740242532539 0.05991428934409102 45
1740242541862 0.061592864608334956 46
1740242550902 0.05631534526308142 47
1740242559920 0.057058637417057516 48
1740242568926 0.05527745103304396 49
1740242578660 0.05538918795510595 50
1740242587718 0.05285263189201768 51
1740242596836 0.05183005955714674 52
1740242605949 0.05240753366022946 53
1740242615062 0.050211020461753304 54
1740242624953 0.0499453244798192 55
1740242633989 0.0517475727347692 56
1740242643053 0.04766568152995486 57
1740242652112 0.04727875026729015 58
1740242661067 0.04806874229154175 59
1740242670729 0.04763965168627944 60
1740242679633 0.046179470216017864 61
1740242688574 0.045518258755393795 62
1740242697629 0.04387293947060214 63
1740242706735 0.0446147673158315 64
1740242716543 0.043830847954278655 65
1740242725550 0.04282535386241493 66
1740242734493 0.04211488330877969 67
1740242743634 0.04309422609573335 68
1740242752698 0.04242929250165908 69
1740242762444 0.041901274243755636 70
1740242771394 0.0396490845868723 71
1740242780480 0.04155138956566957 72
1740242789498 0.04163090335998166 73
1740242798397 0.038742835306675924 74
1740242808032 0.03897217694725698 75
1740242816955 0.039308669327741415 76
1740242825943 0.0394516583013479 77
1740242834925 0.03935583412325927 78
1740242843848 0.03826665875431865 79
